
Core Hamiltonian
-32.577395	-7.578833	0.000000	-0.014474	0.000000	-1.240102	-1.240102	
-7.578833	-9.200943	0.000000	-0.176890	0.000000	-2.906710	-2.906710	
0.000000	0.000000	-7.458819	0.000000	0.000000	-1.675150	1.675150	
-0.014474	-0.176890	0.000000	-7.415312	0.000000	-1.356868	-1.356868	
0.000000	0.000000	0.000000	0.000000	-7.347145	0.000000	0.000000	
-1.240102	-2.906710	-1.675150	-1.356868	0.000000	-4.540171	-1.071146	
-1.240102	-2.906710	1.675150	-1.356868	0.000000	-1.071146	-4.540171	

S-1/2 matrix
1.023635,	-0.136855,	0.000000,	-0.007487,	0.000000,	0.019028,	0.019028,	;
-0.136855,	1.157863,	-0.000000,	0.072160,	0.000000,	-0.222333,	-0.222333,	;
0.000000,	-0.000000,	1.073315,	-0.000000,	0.000000,	-0.175758,	0.175758,	;
-0.007487,	0.072160,	-0.000000,	1.038305,	0.000000,	-0.118463,	-0.118463,	;
0.000000,	0.000000,	0.000000,	0.000000,	1.000000,	0.000000,	0.000000,	;
0.019028,	-0.222333,	-0.175758,	-0.118463,	0.000000,	1.129723,	-0.062598,	;
0.019028,	-0.222333,	0.175758,	-0.118463,	0.000000,	-0.062598,	1.129723,	;

F'
-32.254587	-2.791491	-0.000000	0.008611	0.000000	-0.181297	-0.181297	
-2.791491	-8.236889	0.000000	-0.228293	-0.000000	-0.385799	-0.385799	
-0.000000	0.000000	-7.542889	0.000000	0.000000	-0.113212	0.113212	
0.008611	-0.228293	0.000000	-7.457029	-0.000000	-0.110220	-0.110220	
0.000000	-0.000000	0.000000	-0.000000	-7.347145	-0.000000	0.000000	
-0.181297	-0.385799	-0.113212	-0.110220	-0.000000	-4.032955	-0.044647	
-0.181297	-0.385799	0.113212	-0.110220	0.000000	-0.044647	-4.032955	

C0
-1.001544	0.233624	0.000000	-0.085684	0.000000	-0.048223	0.000000	
0.007189	-1.057939	-0.000000	0.360110	-0.000000	0.463121	-0.000003	
-0.000000	0.000000	-1.061070	-0.000000	-0.000000	0.000002	0.296507	
0.000267	-0.427284	0.000000	-0.939942	0.000000	0.212940	-0.000001	
0.000000	-0.000000	0.000000	-0.000000	-1.000000	-0.000000	0.000000	
-0.001821	0.149253	0.137721	0.037858	-0.000000	-0.780705	-0.850136	
-0.001821	0.149253	-0.137721	0.037858	0.000000	-0.780696	0.850145	

Density
1.065012	-0.285217	0.000000	-0.019553	-0.000000	0.033450	0.033450	
-0.285217	1.248966	-0.000000	0.113559	0.000000	-0.144281	-0.144281	
0.000000	-0.000000	1.125870	-0.000000	-0.000000	-0.146132	0.146132	
-0.019553	0.113559	-0.000000	1.066064	0.000000	-0.099358	-0.099358	
-0.000000	0.000000	-0.000000	0.000000	1.000000	0.000000	-0.000000	
0.033450	-0.144281	-0.146132	-0.099358	0.000000	0.042680	0.004746	
0.033450	-0.144281	0.146132	-0.099358	-0.000000	0.004746	0.042680	

Electric Energy
-125.842077

Energy
-117.839710
0

New Fock matrix
-18.813269	-4.872688	-0.000000	-0.011529	0.000000	-0.806732	-0.806732	
-4.872688	-1.790903	-0.000000	-0.180869	0.000000	-0.579056	-0.579056	
-0.000000	-0.000000	0.193964	0.000000	-0.000000	-0.170889	0.170889	
-0.011529	-0.180869	0.000000	0.239125	0.000000	-0.182868	-0.182868	
0.000000	0.000000	-0.000000	0.000000	0.309107	0.000000	0.000000	
-0.806732	-0.579056	-0.170889	-0.182868	0.000000	-0.145034	-0.184667	
-0.806732	-0.579056	0.170889	-0.182868	0.000000	-0.184667	-0.145034	

New F'
-18.438523	-2.632499	-0.000000	-0.021903	0.000000	-0.097660	-0.097660	
-2.632499	-0.760615	-0.000000	-0.058596	-0.000000	-0.313697	-0.313697	
-0.000000	-0.000000	0.354845	0.000000	0.000000	-0.274146	0.274146	
-0.021903	-0.058596	0.000000	0.323412	-0.000000	-0.200821	-0.200821	
0.000000	-0.000000	0.000000	-0.000000	0.309107	-0.000000	0.000000	
-0.097660	-0.313697	-0.274146	-0.200821	-0.000000	0.146074	-0.065500	
-0.097660	-0.313697	0.274146	-0.200821	0.000000	-0.065500	0.146074	

New C'
-0.989451	0.124494	-0.000000	-0.030165	0.000000	0.067655	-0.000000	
-0.144463	-0.810794	0.000000	0.245634	-0.000000	-0.511280	0.000000	
-0.000000	0.000000	0.768666	0.000000	-0.000000	-0.000000	-0.639650	
-0.001732	-0.199503	0.000000	0.721216	0.000000	0.663357	-0.000000	
-0.000000	0.000000	0.000000	-0.000000	1.000000	-0.000000	-0.000000	
-0.007527	-0.379020	-0.452301	-0.457494	0.000000	0.383388	-0.543529	
-0.007527	-0.379020	0.452301	-0.457494	-0.000000	0.383388	0.543529	

New C
-0.993340	0.225467	-0.000000	-0.087305	0.000000	0.148848	-0.000000	
-0.028636	-0.801685	0.000000	0.544013	-0.000000	-0.723863	0.000000	
-0.000000	0.000000	0.984012	0.000000	-0.000000	-0.000000	-0.495487	
-0.003031	-0.176785	-0.000000	0.875185	0.000000	0.560532	-0.000000	
-0.000000	0.000000	0.000000	-0.000000	1.000000	-0.000000	-0.000000	
0.005465	-0.198194	-0.674388	-0.628827	0.000000	0.445502	-0.535637	
0.005465	-0.198194	0.674388	-0.628827	-0.000000	0.445502	0.535637	

New Density
1.045181	-0.199804	0.000000	-0.113256	0.000000	0.004785	0.004785	
-0.199804	0.939470	-0.000000	0.617925	-0.000000	-0.183358	-0.183358	
0.000000	-0.000000	0.968279	-0.000000	-0.000000	-0.663605	0.663605	
-0.113256	0.617925	-0.000000	0.797211	0.000000	-0.515319	-0.515319	
0.000000	-0.000000	-0.000000	0.000000	1.000000	0.000000	0.000000	
0.004785	-0.183358	-0.663605	-0.515319	0.000000	0.889533	-0.020065	
0.004785	-0.183358	0.663605	-0.515319	0.000000	-0.020065	0.889533	

Electric	Energy		Difference	RMS
-76.986490	-68.984123	48.855588	1.985540
1

New Fock matrix
-20.137722	-5.156882	-0.000000	0.042791	-0.000000	-0.842597	-0.842597	
-5.156882	-2.335189	-0.000000	-0.136999	0.000000	-0.744104	-0.744104	
-0.000000	-0.000000	-0.160789	-0.000000	0.000000	-0.088397	0.088397	
0.042791	-0.136999	-0.000000	-0.143658	-0.000000	-0.106320	-0.106320	
-0.000000	0.000000	0.000000	-0.000000	-0.419716	-0.000000	0.000000	
-0.842597	-0.744104	-0.088397	-0.106320	-0.000000	-0.229157	-0.281944	
-0.842597	-0.744104	0.088397	-0.106320	0.000000	-0.281944	-0.229157	

New F'
-19.758905	-2.698211	-0.000000	0.033676	-0.000000	-0.099092	-0.099092	
-2.698211	-1.278043	-0.000000	-0.080532	0.000000	-0.349277	-0.349277	
-0.000000	-0.000000	-0.115266	0.000000	0.000000	-0.099316	0.099316	
0.033676	-0.080532	0.000000	-0.123366	-0.000000	-0.066122	-0.066122	
-0.000000	0.000000	0.000000	-0.000000	-0.419716	-0.000000	0.000000	
-0.099092	-0.349277	-0.099316	-0.066122	-0.000000	0.035827	-0.103380	
-0.099092	-0.349277	0.099316	-0.066122	0.000000	-0.103380	0.035827	

New C'
-0.989839	0.132238	0.000000	-0.000000	0.000000	-0.045687	0.025409	
-0.141812	-0.893595	-0.000000	0.000000	-0.000000	0.386388	-0.179116	
-0.000000	-0.000000	-0.000000	0.405355	-0.914160	-0.000000	-0.000000	
0.001046	-0.115719	0.000000	0.000000	-0.000000	0.185143	0.975874	
-0.000000	0.000000	1.000000	0.000000	-0.000000	-0.000000	-0.000000	
-0.007348	-0.292071	0.000000	-0.646408	-0.286629	-0.638098	0.086434	
-0.007348	-0.292071	-0.000000	0.646408	0.286629	-0.638098	0.086434	

New C
-0.994113	0.247407	0.000000	-0.000000	0.000000	-0.125316	0.046506	
-0.025392	-0.931234	-0.000000	0.000000	-0.000000	0.750737	-0.178885	
-0.000000	0.000000	-0.000000	0.662296	-0.880426	-0.000000	-0.000000	
0.000005	-0.116425	0.000000	0.000000	-0.000000	0.371640	0.979661	
-0.000000	0.000000	1.000000	0.000000	-0.000000	-0.000000	-0.000000	
0.004730	-0.096777	0.000000	-0.841971	-0.181083	-0.789640	0.016938	
0.004730	-0.096777	-0.000000	0.841971	0.181083	-0.789640	0.016938	

New Density
1.049470	-0.205151	-0.000000	-0.028809	0.000000	-0.028645	-0.028645	
-0.205151	0.867842	0.000000	0.108419	-0.000000	0.090002	0.090002	
-0.000000	0.000000	1.213787	0.000000	-0.000000	-0.398204	0.398204	
-0.028809	0.108419	0.000000	0.013555	0.000000	0.011267	0.011267	
0.000000	-0.000000	-0.000000	0.000000	1.000000	-0.000000	-0.000000	
-0.028645	0.090002	-0.398204	0.011267	-0.000000	0.751094	-0.732317	
-0.028645	0.090002	0.398204	0.011267	-0.000000	-0.732317	0.751094	

Electric	Energy		Difference	RMS
-80.811849	-72.809482	3.825359	1.990047
2

New Fock matrix
-20.383354	-5.197316	0.000000	0.013205	-0.000000	-0.852693	-0.852693	
-5.197316	-2.471050	-0.000000	-0.107396	0.000000	-0.797460	-0.797460	
0.000000	-0.000000	-0.576173	-0.000000	0.000000	-0.289106	0.289106	
0.013205	-0.107396	-0.000000	0.085640	-0.000000	-0.174881	-0.174881	
-0.000000	0.000000	0.000000	-0.000000	-0.501620	-0.000000	0.000000	
-0.852693	-0.797460	-0.289106	-0.174881	-0.000000	-0.325582	-0.156083	
-0.852693	-0.797460	0.289106	-0.174881	0.000000	-0.156083	-0.325582	

New F'
-20.007143	-2.695458	-0.000000	-0.005968	-0.000000	-0.095716	-0.095716	
-2.695458	-1.384223	-0.000000	0.016123	-0.000000	-0.408315	-0.408315	
-0.000000	-0.000000	-0.456073	-0.000000	0.000000	-0.243629	0.243629	
-0.005968	0.016123	-0.000000	0.164400	-0.000000	-0.188336	-0.188336	
-0.000000	-0.000000	0.000000	-0.000000	-0.501620	-0.000000	0.000000	
-0.095716	-0.408315	-0.243629	-0.188336	-0.000000	0.006563	0.040784	
-0.095716	-0.408315	0.243629	-0.188336	0.000000	0.040784	0.006563	

New C'
0.989995	-0.132674	-0.000000	-0.031822	0.000000	0.000000	0.035998	
0.140711	0.903113	-0.000000	0.277344	-0.000000	-0.000000	-0.296088	
0.000000	0.000000	0.872387	-0.000000	-0.000000	-0.488815	-0.000000	
0.000314	0.065299	0.000000	0.621045	-0.000000	-0.000000	0.781050	
0.000000	-0.000000	0.000000	0.000000	1.000000	-0.000000	-0.000000	
0.007450	0.285062	0.345644	-0.517866	0.000000	0.616871	0.387941	
0.007450	0.285062	-0.345644	-0.517866	0.000000	-0.616871	0.387941	

New C
0.994417	-0.249045	-0.000000	-0.094888	0.000000	0.000000	0.086285	
0.024149	0.941793	0.000000	0.600573	-0.000000	-0.000000	-0.463899	
0.000000	0.000000	0.814847	-0.000000	-0.000000	-0.741493	-0.000000	
0.001302	0.066424	0.000000	0.787781	-0.000000	-0.000000	0.697420	
0.000000	-0.000000	0.000000	0.000000	1.000000	-0.000000	-0.000000	
-0.004534	0.093146	0.258790	-0.688467	0.000000	0.821422	0.387972	
-0.004534	0.093146	-0.258790	-0.688467	0.000000	-0.821422	0.387972	

New Density
1.059892	-0.267522	0.000000	-0.089999	0.000000	0.037621	0.037621	
-0.267522	1.248245	-0.000000	0.535709	-0.000000	-0.325860	-0.325860	
0.000000	-0.000000	0.663975	-0.000000	-0.000000	0.210874	-0.210874	
-0.089999	0.535709	-0.000000	0.625013	0.000000	-0.536180	-0.536180	
0.000000	-0.000000	-0.000000	0.000000	1.000000	0.000000	0.000000	
0.037621	-0.325860	0.210874	-0.536180	0.000000	0.549656	0.415712	
0.037621	-0.325860	-0.210874	-0.536180	0.000000	0.415712	0.549656	

Electric	Energy		Difference	RMS
-82.163438	-74.161071	1.351590	2.703800
3

New Fock matrix
-20.097979	-5.135264	-0.000000	0.030244	-0.000000	-0.844261	-0.844261	
-5.135264	-2.368178	-0.000000	-0.095893	0.000000	-0.753217	-0.753217	
-0.000000	-0.000000	-0.343314	0.000000	0.000000	-0.328863	0.328863	
0.030244	-0.095893	0.000000	0.026817	-0.000000	-0.065844	-0.065844	
-0.000000	0.000000	0.000000	-0.000000	-0.362333	-0.000000	0.000000	
-0.844261	-0.753217	-0.328863	-0.065844	-0.000000	-0.291398	-0.233654	
-0.844261	-0.753217	0.328863	-0.065844	0.000000	-0.233654	-0.291398	

New F'
-19.723717	-2.674145	-0.000000	0.016609	-0.000000	-0.103088	-0.103088	
-2.674145	-1.315167	-0.000000	-0.036837	0.000000	-0.351074	-0.351074	
-0.000000	-0.000000	-0.150915	0.000000	0.000000	-0.364310	0.364310	
0.016609	-0.036837	0.000000	0.046580	-0.000000	-0.050014	-0.050014	
-0.000000	0.000000	0.000000	-0.000000	-0.362333	-0.000000	0.000000	
-0.103088	-0.351074	-0.364310	-0.050014	-0.000000	0.041301	-0.131064	
-0.103088	-0.351074	0.364310	-0.050014	0.000000	-0.131064	0.041301	

New C'
-0.989929	0.132937	0.000000	0.000000	-0.000000	-0.039450	0.028482	
-0.141155	-0.901516	-0.000000	-0.000000	0.000000	0.340900	-0.226124	
-0.000000	-0.000000	0.591884	0.806023	0.000000	0.000000	-0.000000	
0.000520	-0.053827	0.000000	-0.000000	-0.000000	0.449363	0.891726	
-0.000000	-0.000000	0.000000	0.000000	-1.000000	-0.000000	-0.000000	
-0.007573	-0.288704	-0.569945	0.418525	-0.000000	-0.583226	0.276479	
-0.007573	-0.288704	0.569945	-0.418525	-0.000000	-0.583226	0.276479	

New C
-0.994300	0.248872	0.000000	0.000000	-0.000000	-0.112596	0.063946	
-0.024557	-0.937533	-0.000000	-0.000000	0.000000	0.691880	-0.324312	
-0.000000	-0.000000	0.835622	0.717998	0.000000	0.000000	-0.000000	
-0.000440	-0.053537	0.000000	-0.000000	-0.000000	0.629651	0.843849	
-0.000000	-0.000000	0.000000	0.000000	-1.000000	-0.000000	-0.000000	
0.004405	-0.098741	-0.783585	0.357351	-0.000000	-0.752152	0.240218	
0.004405	-0.098741	0.783585	-0.357351	0.000000	-0.752152	0.240218	

New Density
1.050570	-0.208908	0.000000	-0.012887	0.000000	-0.028953	-0.028953	
-0.208908	0.879571	-0.000000	0.050203	-0.000000	0.092465	0.092465	
0.000000	-0.000000	1.213787	0.000000	-0.000000	-0.398204	0.398204	
-0.012887	0.050203	0.000000	0.002866	0.000000	0.005284	0.005284	
0.000000	-0.000000	-0.000000	0.000000	1.000000	-0.000000	-0.000000	
-0.028953	0.092465	-0.398204	0.005284	-0.000000	0.751475	-0.731936	
-0.028953	0.092465	0.398204	0.005284	-0.000000	-0.731936	0.751475	

Electric	Energy		Difference	RMS
-80.733305	-72.730938	1.430134	2.721317
4

New Fock matrix
-20.382781	-5.196261	-0.000000	0.005116	-0.000000	-0.852805	-0.852805	
-5.196261	-2.478882	-0.000000	-0.092727	0.000000	-0.798117	-0.798117	
-0.000000	-0.000000	-0.577100	-0.000000	0.000000	-0.291824	0.291824	
0.005116	-0.092727	-0.000000	0.094137	-0.000000	-0.166343	-0.166343	
-0.000000	0.000000	0.000000	-0.000000	-0.502448	-0.000000	0.000000	
-0.852805	-0.798117	-0.291824	-0.166343	-0.000000	-0.335494	-0.154862	
-0.852805	-0.798117	0.291824	-0.166343	0.000000	-0.154862	-0.335494	

New F'
-20.006844	-2.693802	-0.000000	-0.016176	-0.000000	-0.095238	-0.095238	
-2.693802	-1.393135	0.000000	0.030603	-0.000000	-0.406398	-0.406398	
-0.000000	0.000000	-0.455778	-0.000000	0.000000	-0.244767	0.244767	
-0.016176	0.030603	-0.000000	0.171420	-0.000000	-0.182216	-0.182216	
-0.000000	-0.000000	0.000000	-0.000000	-0.502448	-0.000000	0.000000	
-0.095238	-0.406398	-0.244767	-0.182216	-0.000000	-0.006507	0.041321	
-0.095238	-0.406398	0.244767	-0.182216	0.000000	0.041321	-0.006507	

New C'
-0.989997	0.132885	-0.000000	-0.032343	0.000000	0.000000	0.034646	
-0.140692	-0.904888	0.000000	0.278139	-0.000000	-0.000000	-0.289866	
-0.000000	-0.000000	-0.868239	-0.000000	0.000000	-0.496146	0.000000	
-0.000701	-0.051695	-0.000000	0.634860	-0.000000	0.000000	0.770895	
-0.000000	-0.000000	-0.000000	-0.000000	-1.000000	-0.000000	-0.000000	
-0.007421	-0.283590	-0.350828	-0.509188	0.000000	0.613938	0.400311	
-0.007421	-0.283590	0.350828	-0.509188	0.000000	-0.613938	0.400311	

New C
-0.994418	0.249459	-0.000000	-0.095303	0.000000	0.000000	0.084597	
-0.024167	-0.943550	0.000000	0.598703	-0.000000	-0.000000	-0.462743	
-0.000000	-0.000000	-0.808572	-0.000000	0.000000	-0.748330	0.000000	
-0.001709	-0.052777	0.000000	0.800131	-0.000000	0.000000	0.684405	
-0.000000	-0.000000	-0.000000	-0.000000	-1.000000	-0.000000	-0.000000	
0.004606	-0.092788	-0.265700	-0.681030	0.000000	0.819213	0.400966	
0.004606	-0.092788	0.265700	-0.681030	0.000000	-0.819213	0.400966	

New Density
1.060181	-0.268403	0.000000	-0.087720	0.000000	0.037177	0.037177	
-0.268403	1.249316	-0.000000	0.528880	-0.000000	-0.320296	-0.320296	
0.000000	-0.000000	0.653788	-0.000000	-0.000000	0.214837	-0.214837	
-0.087720	0.528880	-0.000000	0.642997	0.000000	-0.540024	-0.540024	
0.000000	-0.000000	-0.000000	0.000000	1.000000	0.000000	0.000000	
0.037177	-0.320296	0.214837	-0.540024	0.000000	0.543029	0.401836	
0.037177	-0.320296	-0.214837	-0.540024	0.000000	0.401836	0.543029	

Electric	Energy		Difference	RMS
-82.221088	-74.218721	1.487783	2.717755

-19.991877	2.960866	-0.000000	1.105370	-0.000000	-0.000000	-0.319412	
2.960866	-1.202099	0.000000	0.469180	-0.000000	-0.000000	-0.535886	
-0.000000	0.000000	-0.347664	-0.000000	0.000000	-0.350229	0.000000	
1.105370	0.469180	-0.000000	-0.522245	0.000000	0.000000	0.554411	
-0.000000	-0.000000	0.000000	0.000000	-0.502448	0.000000	-0.000000	
-0.000000	-0.000000	-0.350229	0.000000	0.000000	-0.352812	-0.000000	
-0.319412	-0.535886	0.000000	0.554411	-0.000000	-0.000000	-0.405605	

Gross orbital product
5.000000

Fock matrix
-20.382781	-5.196261	-0.000000	0.005116	-0.000000	-0.852805	-0.852805	
-5.196261	-2.478882	-0.000000	-0.092727	0.000000	-0.798117	-0.798117	
-0.000000	-0.000000	-0.577100	-0.000000	0.000000	-0.291824	0.291824	
0.005116	-0.092727	-0.000000	0.094137	-0.000000	-0.166343	-0.166343	
-0.000000	0.000000	0.000000	-0.000000	-0.502448	-0.000000	0.000000	
-0.852805	-0.798117	-0.291824	-0.166343	-0.000000	-0.335494	-0.154862	
-0.852805	-0.798117	0.291824	-0.166343	0.000000	-0.154862	-0.335494	

Charge on atom 0: 3.393718
Charge on atom 1: 0.456971
Charge on atom 2: 0.456971
